5 точек

0.664225 4.57771e-005
0.997055 0.571511
0.579019 0.999359
0.00144961 0.00868238
0.00221256 0.668315

6 точек

0 0.497844
1 0.49873
0.377357 0 
0.879367 0
0.620047 1
0.121426 1

7 точек

0.16134	0.9913
0.999888 0.99948
0.49353	0.782324
0	0.29341
0.343421 0.59531
0.176345 0
0	0.999888

3д

5 точек

0 0 0
0 0 1
0 1 0
1 0 0
1 1 1

0.000021030241246227978 0.729663568116415 1
1 0 0.0011351835383372774
0.00018230611320149657 0.9999999999999897 0
0.9999999999990199 0.26089041382569256 0.9997539271999777 
0.9998883086894291 1 0.23008216284152827
0 0.0006598338612051922 0.30221008210367567

6 точек

0.000021 0.7296 1
1. 0. 0.001135
0.0001823 0.99999 0
0.999999 0.26089 0.99975
0.999888 1. 0.230082
0 0.00065983 0.30221

7 точек

0.9919 0.28229 0.1175
0.30294 0.953455 0.9837326 
0.9906639 0.9991148 0.000001
1 0.04094 1 
0.109578 0 0
0 0.9999999 0.31624
0.00001929 0.11683 0.9072443

8 точек

1 0.06663356708559626 0.21224819615867813
0.27152454892228145 0.8249333030574584 0.18151545689670492
0.9425138740415481 0.5659248586460423 0.8376297146912838
0.9630330104793899 0.9853490795569523 0.18683950152074788
0.06444598347517407 1 0.9890894165254982
0.2823921213667767 0.5718788165483168 1
0.18926656727920846 0 0.6843734554612392
0 0.4986823536117276 0



